10002950
10002951
10002952
10002953
10002954
10002955
10002956
10002957
10002958
10012020
11052950
11052951
11052952
11052953
11052954
11052955
11102950
12012950
12012951
12012952
12012953
12012954
12012955
12012956
12012958
12012959
12022950
12022951
12022953
12022954
12022956
12022957
12022958
12022959
12032950
12032951
12032952
12032953
12032954
12032955
12042950
12052950
12052951
12052952
12052953
12072950
12072951
13002950
13002951
13002952
13002953
13002954
13002955
13002956
13002957
13002958
13002959
13002960
14002950
14002951
14002952
14002953
15002950
15002951
15002952
15002953
15002954
15002955
15002956
15002957
15002958
16002950
16002951
16002952
16002953
16002954
16002960
16002962
16002964
18002950
18002951
19002950
30002950
30012950
30022950
30032950
30042950
30052950
30062950
30072950
30082950
30092950
30102950
30112950
30122950
30132950
30142950
30152950
30162950
30172950
30182950
30192950
30202950
31002950
31012950
31022950
31032950
31042950
31052950
31062950
31072950
31092950
31102950
31112950
31122950
31152950
31172950
31182950
31192950
31202950
31212950
31222950
32002950
32012950
32022950
32042950
32052950
32072950
32072951
32082950
32112950
34102950
34102952
34112950
34112951
34112952
34122950
34122951
34122952
34132951
34132952
34142950
34142951
34152950
35002950
35002951
35002952
35002953
35002954
39202950
39202951
39202952
1033402950
1033442950
1033462950
1033472950
1034412950
1034422950
1034432950
1034442950
1034462950
1034472951
1034482950
1034492950
1034502950
1034502951
1035422950
1035432950
1035452950
1035462950
1035472950
1035502950
1035502951
1035502952
1035502953
1035532950
1036412950
1036432950
1036432951
1036452950
1036482950
1036492950
1036492951
1036502950
1036522950
1036542951
1036542952
1037422950
1037442950
1037462950
1037482950
1037492950
1037512950
1037522951
1037532950
1038402950
1038412950
1038432950
1038452950
1038452951
1038462950
1038472950
1038482950
1038502950
1038502951
1038502952
1038512950
1038542950
1039402950
1039412950
1039422950
1039442950
1039512950
1039532950
1039542950
1039542951
1039542952
1040522950
1040532950
1040542950
1041322950
1041332950
1041352950
1041382950
1041522951
1041542950
1042332950
1042362950
1042362951
1042372950
1042382950
1042512950
1042552950
1043302950
1043312950
1043312951
1043312952
1043342950
1043352950
1043372950
1043382950
1043392950
1043502950
1043532950
1043532951
1044332950
1044332951
1044332952
1044342950
1044352950
1044362950
1044372950
1044382950
1044392950
1045332950
1045362950
1045522950
1046382950
1046402950
1046402951
1047392950
1047402950
1047512950
1047582950
1048362950
1048372950
1048382950
1048382951
1048392950
1048402950
1048402951
1048412950
1048572950
1049372950
1049382950
1049382951
1049392950
1049392951
1049392952
1049532950
1049532951
1049542950
1049552950
1050362950
1050382950
1050402950
1051362950
1051362951
1051392950
1051432950
1051532950
1051562950
1051572950
1051572951
1051572952
1051572953
1052382950
1052412950
1052422950
1052532950
1052542950
1052562950
1052572950
1053522950
1054532950
1054552950